Coro Times
515.219µs
781.218µs
1.331884ms
2.464329ms
4.709772ms
9.272997ms
18.824884ms

Func Times
1.113108ms
1.336551ms
1.790107ms
2.648441ms
4.406219ms
7.829996ms
14.814775ms


Coro cycle
616508
934462
1592937
2947200
5632487
11090293
22513498


Func cycle
1331339
1598596
2140940
3167879
5269650
9364315
17717434


Coro instruction
548163
910869
1641371
3110369
6064372
12004371
23948371


Func instruction
935822
1260202
1907554
3204204
5804959
11003285
21400326


Coro stack_used
48
80
112
144
176
208
240


Func stack_used
32
64
96
128
160
192
224


Coro heap_used
12
32
56
80
104
128
152


Func heap_used
0
0
0
0
0
0
0


Coro JumpOp
20493
28796
46556
83036
157916
311516
626396


Func JumpOp
27969
33986
46698
72144
123076
224798
428362


Coro CacheBusy
127877
180979
293606
528470
994350
1942334
3931812


Func CacheBusy
154404
194116
289653
470122
835950
1578367
3048401


Coro BranchMiss
29409
46911
79779
148163
277457
553532
1153251


Func BranchMiss
38115
48144
70005
106475
185311
330463
630787


Coro CacheMiss
3188
3591
4268
6445
9748
19376
49031


Func CacheMiss
4249
4331
5534
7129
10159
16183
30108


Coro CacheWb
4
9
5
22
67
1
33


Func CacheWb
2
1
1
1
0
0
1


Coro TlbMiss
4805
7259
12119
21597
44115
78209
172007


Func TlbMiss
6957
6267
8363
14220
24258
40114
74708


Coro DCacheBusy
1453
2461
5108
10641
22466
40052
78641


Func DCacheBusy
9338
7218
10925
12985
15406
12191
21477


Coro ICacheBusy
123630
177710
288026
518840
977621
1913728
3884068


Func ICacheBusy
235994
285689
368744
557673
922868
1647861
3130149


Coro DCacheMiss
3035
3372
4113
6225
9553
18987
34570


Func DCacheMiss
12673
13474
14231
15656
19125
24610
39246


Coro ICacheMiss
144
148
144
200
254
215
14045


Func ICacheMiss
263
249
267
238
206
218
246


Coro DTlbMiss
700
1319
2724
5353
12400
21177
44209


Func DTlbMiss
3724
2920
4551
5923
6531
7107
12388


Coro ITlbMiss
4032
5913
9413
16425
31557
57017
127695


Func ITlbMiss
3418
4485
6471
10074
17109
32197
61251


Coro BBranchMiss
549
963
1825
3648
6930
13207
27507


Func BBranchMiss
1294
1616
2077
3216
6485
9915
19350


Coro JBranchMiss
29330
45578
78417
143901
268876
535887
1115753


Func JBranchMiss
37737
47284
68968
106690
181397
325645
611800


Coro IntLoad
102444
159084
273004
502124
962924
1889644
3753324


Func IntLoad
222924
272776
378616
585633
1008472
1849756
3530773


Coro IntStore
94363
148523
257483
476683
917643
1804683
3589003


Func IntStore
158508
208188
307909
507233
905798
1703538
3298263


Coro IntAccess
196915
307715
530595
978915
1880675
3694435
7342435


Func IntAccess
398558
503434
709018
1115566
1937273
3572268
6851537


Coro FloatLoad
0
0
0
0
0
0
0


Func FloatLoad
0
0
0
0
0
0
0


