Coro Times
130.109µs
336.11µs
1.180552ms
4.729552ms
19.215661ms
78.831441ms
319.370217ms
1.313522994s
5.365247214s

Func Times
198.662µs
361.996µs
1.009884ms
3.629441ms
14.031553ms
55.627775ms
221.869441ms
885.026776ms
3.542192103s


Coro cycle
155725
401853
1411923
5656075
22981220
94277947
381949169
1570899203
6416530833


Func cycle
237949
432932
1207936
4340906
16780776
66527962
265343624
1058441853
4236260706


Coro instruction
137763
411200
1516948
5987951
24063948
97135950
392495951
1586224073
6410287981


Func instruction
178244
420526
1395874
5295286
20888795
83268558
332784330
1330850239
5323103112


Coro stack_used
48
112
176
240
304
368
432
496
560


Func stack_used
32
96
160
224
288
352
416
480
544


Coro heap_used
12
56
104
152
200
248
296
344
392


Func heap_used
0
0
0
0
0
0
0
0
0


Coro JumpOp
5126
11726
39566
156686
648206
2706446
11308046
47189006
196611086


Func JumpOp
6454
11199
30300
106628
411864
1633022
6517516
26055376
104207101


Coro CacheBusy
32616
75271
249777
988238
4057289
16670052
67016572
275373967
1130911727


Func CacheBusy
35501
69637
208114
760577
2978373
11804075
47011797
188131894
754515845


Coro BranchMiss
7690
20110
69552
286360
1243330
5023981
21773078
91183486
405928185


Func BranchMiss
9504
17067
45452
163343
626963
2491914
9928052
39643860
159402433


Coro CacheMiss
824
1114
2686
13014
60088
264745
1066289
4695766
19479248


Func CacheMiss
565
923
2043
7461
25305
110534
377878
1511986
6129426


Coro CacheWb
2
1
19
13
17
32
64
288
1478


Func CacheWb
0
0
0
0
0
0
0
0
0


Coro TlbMiss
1124
2811
10389
43389
174991
847771
2952775
11776792
48414493


Func TlbMiss
1097
1895
5101
18661
67235
278330
1042437
4216548
17095264


Coro DCacheBusy
337
1220
4773
19698
76851
312878
1436993
5572661
22490021


Func DCacheBusy
566
454
1475
6837
14583
58329
229598
918455
3658564


Coro ICacheBusy
30890
72250
245191
976713
3959525
16552972
66268131
272613296
1117218950


Func ICacheBusy
38309
72980
211400
765435
2959119
11769814
46843391
187394014
754634878


Coro DCacheMiss
745
1030
2545
9551
46832
191238
793253
3575649
14983188


Func DCacheMiss
643
988
2170
6860
25770
98318
380730
1437883
6020577


Coro ICacheMiss
47
44
105
3658
13109
71383
273301
1119964
4506258


Func ICacheMiss
71
69
85
56
106
67
73
95
66


Coro DTlbMiss
176
681
2625
11053
44182
167256
634903
2539450
10157959


Func DTlbMiss
240
258
842
3844
9444
36703
129449
598666
2353231


Coro ITlbMiss
967
2261
7779
31618
132287
684537
2328319
9234371
38311771


Func ITlbMiss
920
1592
4144
15236
56896
231063
973331
3699338
14729846


Coro BBranchMiss
146
546
1839
6666
36156
152966
747768
3200567
12752849


Func BBranchMiss
332
510
1331
4782
19090
72760
294995
1182198
4579405


Coro JBranchMiss
7417
19726
67042
278361
1194642
4874039
21102036
88402045
393040653


Func JBranchMiss
9244
16506
43916
158546
609754
2420894
9633566
38667923
155225117


Coro IntLoad
25884
68524
241004
938604
3759724
15167084
61288044
247737964
1001401964


Func IntLoad
36138
74651
232836
863622
3386155
13478071
53843279
215308208
861165881


Coro IntStore
23659
64439
229479
897319
3599399
14530599
58746919
237578279
960768039


Func IntStore
28207
65586
215107
813341
3205656
12774786
51051907
204160532
816594306


Coro IntAccess
49651
133071
470591
1836031
7359231
29697791
120035071
485316351
1962170111


Func IntAccess
67183
143320
450811
1678713
6594409
26256008
104898033
419471323
1677763057


Coro FloatLoad
0
0
0
0
0
0
0
0
0


Func FloatLoad
0
0
0
0
0
0
0
0
0


