Coro Times
82.135108ms
102.645775ms
123.187218ms
143.786885ms
164.453219ms
184.883107ms
205.368996ms
225.832884ms
246.399886ms
267.297885ms
287.92833ms
308.563885ms
329.005995ms
349.845106ms
370.212995ms
390.931773ms
411.433885ms

Func Times
79.261887ms
108.207661ms
136.487773ms
163.934107ms
190.843441ms
217.237219ms
243.387663ms
269.136775ms
295.038106ms
321.76533ms
347.472996ms
373.392995ms
399.428885ms
425.118552ms
451.204883ms
477.496886ms
503.375329ms


Coro cycle
98228913
122758503
147324897
171961039
196677026
221109509
245610226
270083259
294680476
319672978
344345951
369024984
393472283
418395323
442753931
467532380
492051609


Func cycle
94793284
129410105
163231873
196055968
228237929
259803674
291077980
321872702
352849060
384813407
415558381
446557184
477694715
508418258
539615578
571059373
602008371


Coro instruction
114826643
143536973
172249022
200943097
229652072
258361866
287072594
315784120
344496546
373176082
401884386
430593191
459302531
488012260
516722367
545433147
574143824


Func instruction
104985923
131330940
157727962
184147448
210624067
237143071
263706167
290294244
316941270
343595524
370316738
397071161
423882295
450726233
477608377
504546929
531502355


Coro stack_used
304
304
304
304
304
304
304
304
304
304
304
304
304
304
304
304
304


Func stack_used
288
288
288
288
288
288
288
288
288
288
288
288
288
288
288
288
288


Coro heap_used
200
200
200
200
200
200
200
200
200
200
200
200
200
200
200
200
200


Func heap_used
0
0
0
0
0
0
0
0
0
0
0
0
0
0
0
0
0


Coro JumpOp
2592446
3240526
3888629
4536832
5184797
5832846
6480926
7129006
7777093
8425312
9073253
9721326
10369406
11017486
11665566
12313676
12961726


Func JumpOp
1650696
2064435
2478734
2893614
3308559
3724362
4140301
4556920
4973705
5391440
5808761
6226912
6645652
7064614
7484247
7904067
8324476


Coro CacheBusy
12500236
15678211
18819928
22134410
25167679
28327571
31449008
34599369
37733229
40032276
44027627
47202834
49999656
53453054
56349782
59772112
62895882


Func CacheBusy
9026034
11368663
13719584
16089691
18558143
20982591
23272147
25685849
28006990
30515736
33029703
35506991
37700155
40280742
42565552
44983999
47416786


Coro BranchMiss
5131671
6433564
7723978
8933784
10325864
11585640
12748658
14106696
15397640
16413690
17660963
18959178
20167373
21492382
22617593
23978373
25242529


Func BranchMiss
2525093
3160042
3834754
4500613
5148470
5619499
6362514
7043223
7654933
8500905
9156058
9965903
10691640
11045484
11845053
12684476
13163350


Coro CacheMiss
240900
299924
361647
430805
488697
547114
619925
666742
728519
790782
852991
915489
975206
1036426
1107886
1162952
1225402


Func CacheMiss
225062
290916
363800
453942
544276
619433
711450
792592
880342
979656
1065966
1153120
1240408
1330249
1414814
1499416
1592381


Coro CacheWb
55
40
50
57
138
96
80
90
62
105
89
73
133
95
134
141
162


Func CacheWb
2
0
0
1
1
2
6
3
4
3
7
7
4
8
0
7
4


Coro TlbMiss
603416
749868
893331
1041010
1131664
1332102
1482455
1617462
1764346
1969672
2117189
2273345
2424703
2567418
2720031
2875101
3034202


Func TlbMiss
191961
253283
325948
388594
369852
452131
565890
557239
601534
737072
777615
741363
847238
755065
1018670
1101396
1275274


Coro DCacheBusy
177499
221283
256621
305729
334245
394381
429286
471653
510710
729525
781467
839274
888751
948217
996985
1063518
1112541


Func DCacheBusy
3798
9559
12544
8680
8370
7990
11020
11067
19616
149376
161627
173073
184471
186439
219128
229993
229000


Coro ICacheBusy
12347687
15399908
18432307
21610233
24424867
27710579
30783658
33824496
36913073
39692504
42884396
45818349
48891481
51887286
54954355
58051891
61008086


Func ICacheBusy
9136630
11462806
13950011
16502772
18878343
21416877
23912340
25914620
28516306
31611602
33809256
36571800
38793260
41104389
43406898
47171994
49862063


Coro DCacheMiss
194751
241892
292874
342843
393387
443104
490648
538848
588790
640868
690265
741247
789437
837782
891231
943359
992483


Func DCacheMiss
228010
294979
384143
478742
571150
665812
758762
851846
954876
1065922
1169487
1276058
1380553
1483396
1594249
1700840
1815684


Coro ICacheMiss
46671
58216
69821
80974
96581
103971
124713
127664
141139
167094
162312
174163
185101
197255
208615
220389
231899


Func ICacheMiss
154
100
105
111
254
211
122
135
203
132
296
309
721
319
314
185
397


Coro DTlbMiss
94847
120229
139739
164825
186892
211020
230978
254096
274618
422037
451940
485306
514787
548837
577028
613799
642057


Func DTlbMiss
1027
2810
11555
1250
10966
12236
1486
15384
16605
84815
74014
80061
85187
95399
124769
130479
131507


Coro ITlbMiss
507336
628254
758120
875838
946975
1120801
1239920
1365301
1492580
1554521
1662442
1791918
1901730
2018579
2131412
2258987
2369410


Func ITlbMiss
217812
262905
286064
390801
395275
423541
509842
547139
583682
671995
744734
646610
884403
860582
845680
940628
1041699


Coro BBranchMiss
75984
114395
131284
156175
180490
178903
220990
239575
257058
217092
281216
326480
319454
367823
357043
398493
408615


Func BBranchMiss
50003
59520
69777
81490
96352
109394
123662
129531
142645
152231
166076
190884
189452
202756
213160
223512
233653


Coro JBranchMiss
5018196
6319529
7586054
8845220
10162211
11352778
12551848
13908509
15000360
15983684
17378767
18608664
19871177
21209835
22276821
23582650
24800077


Func JBranchMiss
2513645
3127533
3797529
4376252
5020832
5715012
6359871
6918018
7635278
8292410
9149952
9095120
10279223
10949311
11783619
12428541
13542854


Coro IntLoad
17654004
22067404
26480804
30894204
35307604
39721004
44134404
48547804
52961204
57374604
61788004
66201404
70614804
75028204
79441604
83855004
88268404


Func IntLoad
16248081
20340330
24451356
28574891
32715699
36868464
41028639
45205499
49398069
53614682
57830620
62065304
66314538
70569740
74856780
79143977
83444621


Coro IntStore
17994649
22493279
26991909
31490539
35989169
40487799
44986429
49485059
53983689
58482319
62980949
67479579
71978209
76476839
80975469
85474099
89972729


Func IntStore
16467979
20604712
24749864
28902371
33063743
37232337
41409282
45594457
49786932
53988492
58197117
62413704
66638797
70871586
75112902
79361405
83618497


Coro IntAccess
35648761
44560791
53472821
62384851
71296881
80208911
89120941
98032971
106945001
115857031
124769061
133681091
142593121
151505151
160417181
169329211
178241241


Func IntAccess
32736301
40980783
49251484
57543210
65862638
74204441
82581022
90967785
99390529
107826015
116288384
124786024
133303460
141840632
150404529
159002623
167611153


Coro FloatLoad
0
0
0
0
0
0
0
0
0
0
0
0
0
0
0
0
0


Func FloatLoad
0
0
0
0
0
0
0
0
0
0
0
0
0
0
0
0
0


