Coro Times
54.511663ms
61.409773ms
68.16133ms
74.971551ms
81.822997ms
88.598329ms
95.40444ms
102.208663ms
108.992664ms
115.781884ms
122.573107ms
129.386105ms
136.220551ms
142.974996ms
149.884774ms
156.664219ms
163.456439ms

Func Times
45.144662ms
53.40244ms
61.64933ms
69.67933ms
77.994217ms
85.989663ms
93.775885ms
101.389552ms
109.263995ms
116.728884ms
124.556885ms
132.021107ms
139.83044ms
147.271885ms
154.842661ms
162.331884ms
169.940216ms


Coro cycle
65192990
73442704
81517290
89661734
97855532
105958910
114098310
122236094
130349117
138468719
146590466
154738363
162912081
170990231
179253663
187361732
195484824


Func cycle
53990758
63866574
73729488
83332899
93276695
102839057
112151152
121256189
130673710
139601374
148962995
157889942
167229306
176129031
185183594
194140011
203239032


Coro instruction
56930953
64047600
71164355
78281209
85398152
92515214
99632363
106749616
113866957
120984424
128101969
135219620
142337372
149455231
156573180
163691230
170809384


Func instruction
47081316
53015767
58957051
64912104
70876859
76852364
82838274
88826062
94830757
100848246
106876210
112915892
118957971
125011486
131082020
137164994
143250261


Coro stack_used
304
304
304
304
304
304
304
304
304
304
304
304
304
304
304
304
304


Func stack_used
288
288
288
288
288
288
288
288
288
288
288
288
288
288
288
288
288


Coro heap_used
200
200
200
200
200
200
200
200
200
200
200
200
200
200
200
200
200


Func heap_used
0
0
0
0
0
0
0
0
0
0
0
0
0
0
0
0
0


Coro JumpOp
2592446
2916486
3240526
3564566
3888606
4212646
4536686
4860726
5184766
5508806
5832846
6156886
6480926
6804966
7129006
7453046
7777086


Func JumpOp
1650673
1857460
2064443
2271574
2478769
2685973
2893440
3100978
3308521
3516434
3724431
3932301
4140306
4348579
4556833
4765116
4973697


Coro CacheBusy
13236845
14923064
16575033
18239319
19877063
21563000
23190806
24807156
26477225
28134316
29773408
31409340
32966409
34742431
36422444
38052885
39770948


Func CacheBusy
9686073
11131689
12115313
13503019
14692864
16161287
17173110
18779365
19843886
21299004
22327420
23812270
25000750
26626868
27464528
28877380
29912617


Coro BranchMiss
4857085
5369646
6070126
6563470
7309047
7729780
8513319
8924488
9786160
10133798
11001883
11247208
12176136
12444449
13315400
13633996
14659695


Func BranchMiss
2518038
2820829
3177666
3454159
3765037
4199572
4436297
4669833
5060886
5298874
5705243
5917903
6316364
6484196
6985613
7241707
7594335


Coro CacheMiss
251882
283263
319453
344156
380871
406889
444049
466853
499790
532244
559434
590558
624934
654890
701994
718671
752684


Func CacheMiss
145850
166139
200820
226815
252984
296499
329211
361823
388294
426543
453748
490292
524518
560161
593956
623844
660914


Coro CacheWb
142
1049
292
1291
211
1392
256
1662
318
1690
289
1946
341
2210
395
2197
359


Func CacheWb
1
1
2
2
3
0
3
0
1
2
5
2
0
5
4
2
6


Coro TlbMiss
589017
714950
739121
867713
889693
1025324
1027747
1197888
1171611
1306980
1311877
1462021
1463204
1640441
1607933
1754862
1750832


Func TlbMiss
225295
279197
281365
299373
336868
344836
383677
430903
423667
431038
441542
575679
482037
578326
532850
608561
660818


Coro DCacheBusy
230525
262475
290190
308648
356650
365312
415459
416987
473985
465807
530015
516205
597512
575589
651752
625340
711937


Func DCacheBusy
6147
7788
8349
10366
10739
72718
8584
8504
9370
9447
10715
9066
12632
19847
20567
13518
14329


Coro ICacheBusy
13112393
14844414
16381934
18207104
19674363
21494622
22950597
24780114
26235862
28111868
29473920
31403097
32768096
34668694
36055476
37937208
39312851


Func ICacheBusy
9778498
11162813
12284990
13790930
14892698
16077230
17504318
19011163
20160623
21684365
22701248
24469791
25324530
27091119
28018569
29662108
30647790


Coro DCacheMiss
198753
226068
247558
273890
297598
322712
346163
371014
397120
422458
445231
469285
496127
521771
546908
572274
596587


Func DCacheMiss
144621
179869
190937
237626
270948
308563
348166
380495
424571
452367
492142
529131
571138
607887
647384
689036
731396


Coro ICacheMiss
54570
58950
70561
71743
77526
84660
93207
96789
105105
111581
126433
122468
136486
134505
154529
148168
151782


Func ICacheMiss
112
117
102
107
106
124
106
139
168
96
134
122
141
138
154
122
344


Coro DTlbMiss
128713
132305
163669
158644
195669
185967
228845
211544
260252
237903
292901
263578
327885
293683
358246
320009
392209


Func DTlbMiss
3602
5723
4200
6561
11604
39952
3066
5421
4309
7325
4033
7530
20456
11721
22263
8328
20058


Coro ITlbMiss
455614
572994
567522
729476
679400
859221
795560
985550
907463
1108930
1015891
1201943
1128514
1300551
1239497
1501140
1345914


Func ITlbMiss
220560
275262
279161
309515
279920
340279
382422
396160
436341
519701
485256
520852
469695
562667
523027
600308
558684


Coro BBranchMiss
65430
78280
88331
95936
118258
108532
130638
125983
134279
146951
133398
159925
184894
159348
154379
184496
206764


Func BBranchMiss
37162
41042
47275
51894
52747
58526
61230
67723
74249
80647
84591
90985
94278
99810
99523
108984
111860


Coro JBranchMiss
4819082
5268767
5999044
6425858
7173965
7594482
8368304
8754041
9518635
9912816
10726435
11095869
11951235
12196052
13153159
13422422
14416422


Func JBranchMiss
2493334
2754461
3127703
3406006
3733093
3960114
4372735
4620114
4968226
5267614
5611490
5891805
6248250
6449051
6878787
6980178
7435253


Coro IntLoad
9805044
11030624
12256204
13481784
14707364
15932944
17158524
18384104
19609684
20835264
22060844
23286424
24512004
25737584
26963164
28188744
29414324


Func IntLoad
8393458
9461512
10528647
11600242
12677144
13758258
14835858
15925641
17013722
18106705
19204759
20302494
21402963
22506654
23621826
24735803
25845839


Coro IntStore
9164569
10310124
11455679
12601234
13746789
14892344
16037899
17183454
18329009
19474564
20620119
21765674
22911229
24056784
25202339
26347894
27493449


Func IntStore
7637914
8601249
9567113
10534820
11504744
12476034
13449742
14425666
15403868
16383286
17364353
18348440
19333921
20321799
21311576
22303017
23296701


Coro IntAccess
18969721
21340856
23711991
26083126
28454261
30825396
33196531
35567666
37938801
40309936
42681071
45052206
47423341
49794476
52165611
54536746
56907881


Func IntAccess
16053450
18090307
20131221
22178323
24232189
26289820
28357300
30422087
32504314
34589104
36676628
38773515
40876629
42985102
45098425
47221860
49348100


Coro FloatLoad
0
0
0
0
0
0
0
0
0
0
0
0
0
0
0
0
0


Func FloatLoad
0
0
0
0
0
0
0
0
0
0
0
0
0
0
0
0
0


