[Info 4 0 0] BenchConfig {
    depth: 10,
    layer: 2,
    recursive: true,
    repeat: 4,
    heap_workload: 4,
    stack_workload: 2,
    task_num: 10,
} 

SummaryCmpVec {
    time: [
        515.219µs,
        1.113108ms,
        781.218µs,
        1.336551ms,
        1.331884ms,
        1.790107ms,
        2.464329ms,
        2.648441ms,
        4.709772ms,
        4.406219ms,
        9.272997ms,
        7.829996ms,
        18.824884ms,
        14.814775ms,
    ],
    cycle: [
        616508,
        1331339,
        934462,
        1598596,
        1592937,
        2140940,
        2947200,
        3167879,
        5632487,
        5269650,
        11090293,
        9364315,
        22513498,
        17717434,
    ],
    instruction: [
        548163,
        935822,
        910869,
        1260202,
        1641371,
        1907554,
        3110369,
        3204204,
        6064372,
        5804959,
        12004371,
        11003285,
        23948371,
        21400326,
    ],
    stack_used: [
        48,
        32,
        80,
        64,
        112,
        96,
        144,
        128,
        176,
        160,
        208,
        192,
        240,
        224,
    ],
    heap_used: [
        12,
        0,
        32,
        0,
        56,
        0,
        80,
        0,
        104,
        0,
        128,
        0,
        152,
        0,
    ],
    pmu: PmuData {
        JumpOp: [
            20493,
            27969,
            28796,
            33986,
            46556,
            46698,
            83036,
            72144,
            157916,
            123076,
            311516,
            224798,
            626396,
            428362,
        ],
        CacheBusy: [
            127877,
            154404,
            180979,
            194116,
            293606,
            289653,
            528470,
            470122,
            994350,
            835950,
            1942334,
            1578367,
            3931812,
            3048401,
        ],
        BranchMiss: [
            29409,
            38115,
            46911,
            48144,
            79779,
            70005,
            148163,
            106475,
            277457,
            185311,
            553532,
            330463,
            1153251,
            630787,
        ],
        CacheMiss: [
            3188,
            4249,
            3591,
            4331,
            4268,
            5534,
            6445,
            7129,
            9748,
            10159,
            19376,
            16183,
            49031,
            30108,
        ],
        CacheWb: [
            4,
            2,
            9,
            1,
            5,
            1,
            22,
            1,
            67,
            0,
            1,
            0,
            33,
            1,
        ],
        TlbMiss: [
            4805,
            6957,
            7259,
            6267,
            12119,
            8363,
            21597,
            14220,
            44115,
            24258,
            78209,
            40114,
            172007,
            74708,
        ],
        DCacheBusy: [
            1453,
            9338,
            2461,
            7218,
            5108,
            10925,
            10641,
            12985,
            22466,
            15406,
            40052,
            12191,
            78641,
            21477,
        ],
        ICacheBusy: [
            123630,
            235994,
            177710,
            285689,
            288026,
            368744,
            518840,
            557673,
            977621,
            922868,
            1913728,
            1647861,
            3884068,
            3130149,
        ],
        DCacheMiss: [
            3035,
            12673,
            3372,
            13474,
            4113,
            14231,
            6225,
            15656,
            9553,
            19125,
            18987,
            24610,
            34570,
            39246,
        ],
        ICacheMiss: [
            144,
            263,
            148,
            249,
            144,
            267,
            200,
            238,
            254,
            206,
            215,
            218,
            14045,
            246,
        ],
        DTlbMiss: [
            700,
            3724,
            1319,
            2920,
            2724,
            4551,
            5353,
            5923,
            12400,
            6531,
            21177,
            7107,
            44209,
            12388,
        ],
        ITlbMiss: [
            4032,
            3418,
            5913,
            4485,
            9413,
            6471,
            16425,
            10074,
            31557,
            17109,
            57017,
            32197,
            127695,
            61251,
        ],
        BBranchMiss: [
            549,
            1294,
            963,
            1616,
            1825,
            2077,
            3648,
            3216,
            6930,
            6485,
            13207,
            9915,
            27507,
            19350,
        ],
        JBranchMiss: [
            29330,
            37737,
            45578,
            47284,
            78417,
            68968,
            143901,
            106690,
            268876,
            181397,
            535887,
            325645,
            1115753,
            611800,
        ],
        IntLoad: [
            102444,
            222924,
            159084,
            272776,
            273004,
            378616,
            502124,
            585633,
            962924,
            1008472,
            1889644,
            1849756,
            3753324,
            3530773,
        ],
        IntStore: [
            94363,
            158508,
            148523,
            208188,
            257483,
            307909,
            476683,
            507233,
            917643,
            905798,
            1804683,
            1703538,
            3589003,
            3298263,
        ],
        IntAccess: [
            196915,
            398558,
            307715,
            503434,
            530595,
            709018,
            978915,
            1115566,
            1880675,
            1937273,
            3694435,
            3572268,
            7342435,
            6851537,
        ],
        FloatLoad: [
            0,
            0,
            0,
            0,
            0,
            0,
            0,
            0,
            0,
            0,
            0,
            0,
            0,
            0,
        ],
    },
}