[Info 4 0 0] BenchConfig {
    depth: 10,
    layer: 2,
    recursive: true,
    repeat: 1,
    heap_workload: 4,
    stack_workload: 2,
    task_num: 10,
} 

>> set range depth 0 16 2

SummaryCmpVec {
    time: [
        130.109µs,
        198.662µs,
        336.11µs,
        361.996µs,
        1.180552ms,
        1.009884ms,
        4.729552ms,
        3.629441ms,
        19.215661ms,
        14.031553ms,
        78.831441ms,
        55.627775ms,
        319.370217ms,
        221.869441ms,
        1.313522994s,
        885.026776ms,
        5.365247214s,
        3.542192103s,
    ],
    cycle: [
        155725,
        237949,
        401853,
        432932,
        1411923,
        1207936,
        5656075,
        4340906,
        22981220,
        16780776,
        94277947,
        66527962,
        381949169,
        265343624,
        1570899203,
        1058441853,
        6416530833,
        4236260706,
    ],
    instruction: [
        137763,
        178244,
        411200,
        420526,
        1516948,
        1395874,
        5987951,
        5295286,
        24063948,
        20888795,
        97135950,
        83268558,
        392495951,
        332784330,
        1586224073,
        1330850239,
        6410287981,
        5323103112,
    ],
    stack_used: [
        48,
        32,
        112,
        96,
        176,
        160,
        240,
        224,
        304,
        288,
        368,
        352,
        432,
        416,
        496,
        480,
        560,
        544,
    ],
    heap_used: [
        12,
        0,
        56,
        0,
        104,
        0,
        152,
        0,
        200,
        0,
        248,
        0,
        296,
        0,
        344,
        0,
        392,
        0,
    ],
    pmu: PmuData {
        JumpOp: [
            5126,
            6454,
            11726,
            11199,
            39566,
            30300,
            156686,
            106628,
            648206,
            411864,
            2706446,
            1633022,
            11308046,
            6517516,
            47189006,
            26055376,
            196611086,
            104207101,
        ],
        CacheBusy: [
            32616,
            35501,
            75271,
            69637,
            249777,
            208114,
            988238,
            760577,
            4057289,
            2978373,
            16670052,
            11804075,
            67016572,
            47011797,
            275373967,
            188131894,
            1130911727,
            754515845,
        ],
        BranchMiss: [
            7690,
            9504,
            20110,
            17067,
            69552,
            45452,
            286360,
            163343,
            1243330,
            626963,
            5023981,
            2491914,
            21773078,
            9928052,
            91183486,
            39643860,
            405928185,
            159402433,
        ],
        CacheMiss: [
            824,
            565,
            1114,
            923,
            2686,
            2043,
            13014,
            7461,
            60088,
            25305,
            264745,
            110534,
            1066289,
            377878,
            4695766,
            1511986,
            19479248,
            6129426,
        ],
        CacheWb: [
            2,
            0,
            1,
            0,
            19,
            0,
            13,
            0,
            17,
            0,
            32,
            0,
            64,
            0,
            288,
            0,
            1478,
            0,
        ],
        TlbMiss: [
            1124,
            1097,
            2811,
            1895,
            10389,
            5101,
            43389,
            18661,
            174991,
            67235,
            847771,
            278330,
            2952775,
            1042437,
            11776792,
            4216548,
            48414493,
            17095264,
        ],
        DCacheBusy: [
            337,
            566,
            1220,
            454,
            4773,
            1475,
            19698,
            6837,
            76851,
            14583,
            312878,
            58329,
            1436993,
            229598,
            5572661,
            918455,
            22490021,
            3658564,
        ],
        ICacheBusy: [
            30890,
            38309,
            72250,
            72980,
            245191,
            211400,
            976713,
            765435,
            3959525,
            2959119,
            16552972,
            11769814,
            66268131,
            46843391,
            272613296,
            187394014,
            1117218950,
            754634878,
        ],
        DCacheMiss: [
            745,
            643,
            1030,
            988,
            2545,
            2170,
            9551,
            6860,
            46832,
            25770,
            191238,
            98318,
            793253,
            380730,
            3575649,
            1437883,
            14983188,
            6020577,
        ],
        ICacheMiss: [
            47,
            71,
            44,
            69,
            105,
            85,
            3658,
            56,
            13109,
            106,
            71383,
            67,
            273301,
            73,
            1119964,
            95,
            4506258,
            66,
        ],
        DTlbMiss: [
            176,
            240,
            681,
            258,
            2625,
            842,
            11053,
            3844,
            44182,
            9444,
            167256,
            36703,
            634903,
            129449,
            2539450,
            598666,
            10157959,
            2353231,
        ],
        ITlbMiss: [
            967,
            920,
            2261,
            1592,
            7779,
            4144,
            31618,
            15236,
            132287,
            56896,
            684537,
            231063,
            2328319,
            973331,
            9234371,
            3699338,
            38311771,
            14729846,
        ],
        BBranchMiss: [
            146,
            332,
            546,
            510,
            1839,
            1331,
            6666,
            4782,
            36156,
            19090,
            152966,
            72760,
            747768,
            294995,
            3200567,
            1182198,
            12752849,
            4579405,
        ],
        JBranchMiss: [
            7417,
            9244,
            19726,
            16506,
            67042,
            43916,
            278361,
            158546,
            1194642,
            609754,
            4874039,
            2420894,
            21102036,
            9633566,
            88402045,
            38667923,
            393040653,
            155225117,
        ],
        IntLoad: [
            25884,
            36138,
            68524,
            74651,
            241004,
            232836,
            938604,
            863622,
            3759724,
            3386155,
            15167084,
            13478071,
            61288044,
            53843279,
            247737964,
            215308208,
            1001401964,
            861165881,
        ],
        IntStore: [
            23659,
            28207,
            64439,
            65586,
            229479,
            215107,
            897319,
            813341,
            3599399,
            3205656,
            14530599,
            12774786,
            58746919,
            51051907,
            237578279,
            204160532,
            960768039,
            816594306,
        ],
        IntAccess: [
            49651,
            67183,
            133071,
            143320,
            470591,
            450811,
            1836031,
            1678713,
            7359231,
            6594409,
            29697791,
            26256008,
            120035071,
            104898033,
            485316351,
            419471323,
            1962170111,
            1677763057,
        ],
        FloatLoad: [
            0,
            0,
            0,
            0,
            0,
            0,
            0,
            0,
            0,
            0,
            0,
            0,
            0,
            0,
            0,
            0,
            0,
            0,
        ],
    },
}