BenchConfig { depth: 8, layer: 2, recursive: true, repeat: 1, heap_workload: 0, stack_workload: 2, task_num: 40 } 

sr sw 0 24 2

SummaryCmpVec {
    time: [
        82.135108ms,
        79.261887ms,
        102.645775ms,
        108.207661ms,
        123.187218ms,
        136.487773ms,
        143.786885ms,
        163.934107ms,
        164.453219ms,
        190.843441ms,
        184.883107ms,
        217.237219ms,
        205.368996ms,
        243.387663ms,
        225.832884ms,
        269.136775ms,
        246.399886ms,
        295.038106ms,
        267.297885ms,
        321.76533ms,
        287.92833ms,
        347.472996ms,
        308.563885ms,
        373.392995ms,
        329.005995ms,
        399.428885ms,
        349.845106ms,
        425.118552ms,
        370.212995ms,
        451.204883ms,
        390.931773ms,
        477.496886ms,
        411.433885ms,
        503.375329ms,
    ],
    cycle: [
        98228913,
        94793284,
        122758503,
        129410105,
        147324897,
        163231873,
        171961039,
        196055968,
        196677026,
        228237929,
        221109509,
        259803674,
        245610226,
        291077980,
        270083259,
        321872702,
        294680476,
        352849060,
        319672978,
        384813407,
        344345951,
        415558381,
        369024984,
        446557184,
        393472283,
        477694715,
        418395323,
        508418258,
        442753931,
        539615578,
        467532380,
        571059373,
        492051609,
        602008371,
    ],
    instruction: [
        114826643,
        104985923,
        143536973,
        131330940,
        172249022,
        157727962,
        200943097,
        184147448,
        229652072,
        210624067,
        258361866,
        237143071,
        287072594,
        263706167,
        315784120,
        290294244,
        344496546,
        316941270,
        373176082,
        343595524,
        401884386,
        370316738,
        430593191,
        397071161,
        459302531,
        423882295,
        488012260,
        450726233,
        516722367,
        477608377,
        545433147,
        504546929,
        574143824,
        531502355,
    ],
    stack_used: [
        304,
        288,
        304,
        288,
        304,
        288,
        304,
        288,
        304,
        288,
        304,
        288,
        304,
        288,
        304,
        288,
        304,
        288,
        304,
        288,
        304,
        288,
        304,
        288,
        304,
        288,
        304,
        288,
        304,
        288,
        304,
        288,
        304,
        288,
    ],
    heap_used: [
        200,
        0,
        200,
        0,
        200,
        0,
        200,
        0,
        200,
        0,
        200,
        0,
        200,
        0,
        200,
        0,
        200,
        0,
        200,
        0,
        200,
        0,
        200,
        0,
        200,
        0,
        200,
        0,
        200,
        0,
        200,
        0,
        200,
        0,
    ],
    pmu: PmuData {
        JumpOp: [
            2592446,
            1650696,
            3240526,
            2064435,
            3888629,
            2478734,
            4536832,
            2893614,
            5184797,
            3308559,
            5832846,
            3724362,
            6480926,
            4140301,
            7129006,
            4556920,
            7777093,
            4973705,
            8425312,
            5391440,
            9073253,
            5808761,
            9721326,
            6226912,
            10369406,
            6645652,
            11017486,
            7064614,
            11665566,
            7484247,
            12313676,
            7904067,
            12961726,
            8324476,
        ],
        CacheBusy: [
            12500236,
            9026034,
            15678211,
            11368663,
            18819928,
            13719584,
            22134410,
            16089691,
            25167679,
            18558143,
            28327571,
            20982591,
            31449008,
            23272147,
            34599369,
            25685849,
            37733229,
            28006990,
            40032276,
            30515736,
            44027627,
            33029703,
            47202834,
            35506991,
            49999656,
            37700155,
            53453054,
            40280742,
            56349782,
            42565552,
            59772112,
            44983999,
            62895882,
            47416786,
        ],
        BranchMiss: [
            5131671,
            2525093,
            6433564,
            3160042,
            7723978,
            3834754,
            8933784,
            4500613,
            10325864,
            5148470,
            11585640,
            5619499,
            12748658,
            6362514,
            14106696,
            7043223,
            15397640,
            7654933,
            16413690,
            8500905,
            17660963,
            9156058,
            18959178,
            9965903,
            20167373,
            10691640,
            21492382,
            11045484,
            22617593,
            11845053,
            23978373,
            12684476,
            25242529,
            13163350,
        ],
        CacheMiss: [
            240900,
            225062,
            299924,
            290916,
            361647,
            363800,
            430805,
            453942,
            488697,
            544276,
            547114,
            619433,
            619925,
            711450,
            666742,
            792592,
            728519,
            880342,
            790782,
            979656,
            852991,
            1065966,
            915489,
            1153120,
            975206,
            1240408,
            1036426,
            1330249,
            1107886,
            1414814,
            1162952,
            1499416,
            1225402,
            1592381,
        ],
        CacheWb: [
            55,
            2,
            40,
            0,
            50,
            0,
            57,
            1,
            138,
            1,
            96,
            2,
            80,
            6,
            90,
            3,
            62,
            4,
            105,
            3,
            89,
            7,
            73,
            7,
            133,
            4,
            95,
            8,
            134,
            0,
            141,
            7,
            162,
            4,
        ],
        TlbMiss: [
            603416,
            191961,
            749868,
            253283,
            893331,
            325948,
            1041010,
            388594,
            1131664,
            369852,
            1332102,
            452131,
            1482455,
            565890,
            1617462,
            557239,
            1764346,
            601534,
            1969672,
            737072,
            2117189,
            777615,
            2273345,
            741363,
            2424703,
            847238,
            2567418,
            755065,
            2720031,
            1018670,
            2875101,
            1101396,
            3034202,
            1275274,
        ],
        DCacheBusy: [
            177499,
            3798,
            221283,
            9559,
            256621,
            12544,
            305729,
            8680,
            334245,
            8370,
            394381,
            7990,
            429286,
            11020,
            471653,
            11067,
            510710,
            19616,
            729525,
            149376,
            781467,
            161627,
            839274,
            173073,
            888751,
            184471,
            948217,
            186439,
            996985,
            219128,
            1063518,
            229993,
            1112541,
            229000,
        ],
        ICacheBusy: [
            12347687,
            9136630,
            15399908,
            11462806,
            18432307,
            13950011,
            21610233,
            16502772,
            24424867,
            18878343,
            27710579,
            21416877,
            30783658,
            23912340,
            33824496,
            25914620,
            36913073,
            28516306,
            39692504,
            31611602,
            42884396,
            33809256,
            45818349,
            36571800,
            48891481,
            38793260,
            51887286,
            41104389,
            54954355,
            43406898,
            58051891,
            47171994,
            61008086,
            49862063,
        ],
        DCacheMiss: [
            194751,
            228010,
            241892,
            294979,
            292874,
            384143,
            342843,
            478742,
            393387,
            571150,
            443104,
            665812,
            490648,
            758762,
            538848,
            851846,
            588790,
            954876,
            640868,
            1065922,
            690265,
            1169487,
            741247,
            1276058,
            789437,
            1380553,
            837782,
            1483396,
            891231,
            1594249,
            943359,
            1700840,
            992483,
            1815684,
        ],
        ICacheMiss: [
            46671,
            154,
            58216,
            100,
            69821,
            105,
            80974,
            111,
            96581,
            254,
            103971,
            211,
            124713,
            122,
            127664,
            135,
            141139,
            203,
            167094,
            132,
            162312,
            296,
            174163,
            309,
            185101,
            721,
            197255,
            319,
            208615,
            314,
            220389,
            185,
            231899,
            397,
        ],
        DTlbMiss: [
            94847,
            1027,
            120229,
            2810,
            139739,
            11555,
            164825,
            1250,
            186892,
            10966,
            211020,
            12236,
            230978,
            1486,
            254096,
            15384,
            274618,
            16605,
            422037,
            84815,
            451940,
            74014,
            485306,
            80061,
            514787,
            85187,
            548837,
            95399,
            577028,
            124769,
            613799,
            130479,
            642057,
            131507,
        ],
        ITlbMiss: [
            507336,
            217812,
            628254,
            262905,
            758120,
            286064,
            875838,
            390801,
            946975,
            395275,
            1120801,
            423541,
            1239920,
            509842,
            1365301,
            547139,
            1492580,
            583682,
            1554521,
            671995,
            1662442,
            744734,
            1791918,
            646610,
            1901730,
            884403,
            2018579,
            860582,
            2131412,
            845680,
            2258987,
            940628,
            2369410,
            1041699,
        ],
        BBranchMiss: [
            75984,
            50003,
            114395,
            59520,
            131284,
            69777,
            156175,
            81490,
            180490,
            96352,
            178903,
            109394,
            220990,
            123662,
            239575,
            129531,
            257058,
            142645,
            217092,
            152231,
            281216,
            166076,
            326480,
            190884,
            319454,
            189452,
            367823,
            202756,
            357043,
            213160,
            398493,
            223512,
            408615,
            233653,
        ],
        JBranchMiss: [
            5018196,
            2513645,
            6319529,
            3127533,
            7586054,
            3797529,
            8845220,
            4376252,
            10162211,
            5020832,
            11352778,
            5715012,
            12551848,
            6359871,
            13908509,
            6918018,
            15000360,
            7635278,
            15983684,
            8292410,
            17378767,
            9149952,
            18608664,
            9095120,
            19871177,
            10279223,
            21209835,
            10949311,
            22276821,
            11783619,
            23582650,
            12428541,
            24800077,
            13542854,
        ],
        IntLoad: [
            17654004,
            16248081,
            22067404,
            20340330,
            26480804,
            24451356,
            30894204,
            28574891,
            35307604,
            32715699,
            39721004,
            36868464,
            44134404,
            41028639,
            48547804,
            45205499,
            52961204,
            49398069,
            57374604,
            53614682,
            61788004,
            57830620,
            66201404,
            62065304,
            70614804,
            66314538,
            75028204,
            70569740,
            79441604,
            74856780,
            83855004,
            79143977,
            88268404,
            83444621,
        ],
        IntStore: [
            17994649,
            16467979,
            22493279,
            20604712,
            26991909,
            24749864,
            31490539,
            28902371,
            35989169,
            33063743,
            40487799,
            37232337,
            44986429,
            41409282,
            49485059,
            45594457,
            53983689,
            49786932,
            58482319,
            53988492,
            62980949,
            58197117,
            67479579,
            62413704,
            71978209,
            66638797,
            76476839,
            70871586,
            80975469,
            75112902,
            85474099,
            79361405,
            89972729,
            83618497,
        ],
        IntAccess: [
            35648761,
            32736301,
            44560791,
            40980783,
            53472821,
            49251484,
            62384851,
            57543210,
            71296881,
            65862638,
            80208911,
            74204441,
            89120941,
            82581022,
            98032971,
            90967785,
            106945001,
            99390529,
            115857031,
            107826015,
            124769061,
            116288384,
            133681091,
            124786024,
            142593121,
            133303460,
            151505151,
            141840632,
            160417181,
            150404529,
            169329211,
            159002623,
            178241241,
            167611153,
        ],
        FloatLoad: [
            0,
            0,
            0,
            0,
            0,
            0,
            0,
            0,
            0,
            0,
            0,
            0,
            0,
            0,
            0,
            0,
            0,
            0,
            0,
            0,
            0,
            0,
            0,
            0,
            0,
            0,
            0,
            0,
            0,
            0,
            0,
            0,
            0,
            0,
        ],
    },
}