[Info 3 0 0] Range(
    BenchConfig {
        depth: 8,
        layer: 2,
        recursive: true,
        repeat: 1,
        heap_workload: 0,
        stack_workload: 2,
        task_num: 80,
    },
    BenchRange {
        entry: TaskNum,
        start: 40,
        end: 120,
        step: 5,
    },
) 

sr tn 40 120 5

SummaryCmpVec {
    time: [
        54.511663ms,
        45.144662ms,
        61.409773ms,
        53.40244ms,
        68.16133ms,
        61.64933ms,
        74.971551ms,
        69.67933ms,
        81.822997ms,
        77.994217ms,
        88.598329ms,
        85.989663ms,
        95.40444ms,
        93.775885ms,
        102.208663ms,
        101.389552ms,
        108.992664ms,
        109.263995ms,
        115.781884ms,
        116.728884ms,
        122.573107ms,
        124.556885ms,
        129.386105ms,
        132.021107ms,
        136.220551ms,
        139.83044ms,
        142.974996ms,
        147.271885ms,
        149.884774ms,
        154.842661ms,
        156.664219ms,
        162.331884ms,
        163.456439ms,
        169.940216ms,
    ],
    cycle: [
        65192990,
        53990758,
        73442704,
        63866574,
        81517290,
        73729488,
        89661734,
        83332899,
        97855532,
        93276695,
        105958910,
        102839057,
        114098310,
        112151152,
        122236094,
        121256189,
        130349117,
        130673710,
        138468719,
        139601374,
        146590466,
        148962995,
        154738363,
        157889942,
        162912081,
        167229306,
        170990231,
        176129031,
        179253663,
        185183594,
        187361732,
        194140011,
        195484824,
        203239032,
    ],
    instruction: [
        56930953,
        47081316,
        64047600,
        53015767,
        71164355,
        58957051,
        78281209,
        64912104,
        85398152,
        70876859,
        92515214,
        76852364,
        99632363,
        82838274,
        106749616,
        88826062,
        113866957,
        94830757,
        120984424,
        100848246,
        128101969,
        106876210,
        135219620,
        112915892,
        142337372,
        118957971,
        149455231,
        125011486,
        156573180,
        131082020,
        163691230,
        137164994,
        170809384,
        143250261,
    ],
    stack_used: [
        304,
        288,
        304,
        288,
        304,
        288,
        304,
        288,
        304,
        288,
        304,
        288,
        304,
        288,
        304,
        288,
        304,
        288,
        304,
        288,
        304,
        288,
        304,
        288,
        304,
        288,
        304,
        288,
        304,
        288,
        304,
        288,
        304,
        288,
    ],
    heap_used: [
        200,
        0,
        200,
        0,
        200,
        0,
        200,
        0,
        200,
        0,
        200,
        0,
        200,
        0,
        200,
        0,
        200,
        0,
        200,
        0,
        200,
        0,
        200,
        0,
        200,
        0,
        200,
        0,
        200,
        0,
        200,
        0,
        200,
        0,
    ],
    pmu: PmuData {
        JumpOp: [
            2592446,
            1650673,
            2916486,
            1857460,
            3240526,
            2064443,
            3564566,
            2271574,
            3888606,
            2478769,
            4212646,
            2685973,
            4536686,
            2893440,
            4860726,
            3100978,
            5184766,
            3308521,
            5508806,
            3516434,
            5832846,
            3724431,
            6156886,
            3932301,
            6480926,
            4140306,
            6804966,
            4348579,
            7129006,
            4556833,
            7453046,
            4765116,
            7777086,
            4973697,
        ],
        CacheBusy: [
            13236845,
            9686073,
            14923064,
            11131689,
            16575033,
            12115313,
            18239319,
            13503019,
            19877063,
            14692864,
            21563000,
            16161287,
            23190806,
            17173110,
            24807156,
            18779365,
            26477225,
            19843886,
            28134316,
            21299004,
            29773408,
            22327420,
            31409340,
            23812270,
            32966409,
            25000750,
            34742431,
            26626868,
            36422444,
            27464528,
            38052885,
            28877380,
            39770948,
            29912617,
        ],
        BranchMiss: [
            4857085,
            2518038,
            5369646,
            2820829,
            6070126,
            3177666,
            6563470,
            3454159,
            7309047,
            3765037,
            7729780,
            4199572,
            8513319,
            4436297,
            8924488,
            4669833,
            9786160,
            5060886,
            10133798,
            5298874,
            11001883,
            5705243,
            11247208,
            5917903,
            12176136,
            6316364,
            12444449,
            6484196,
            13315400,
            6985613,
            13633996,
            7241707,
            14659695,
            7594335,
        ],
        CacheMiss: [
            251882,
            145850,
            283263,
            166139,
            319453,
            200820,
            344156,
            226815,
            380871,
            252984,
            406889,
            296499,
            444049,
            329211,
            466853,
            361823,
            499790,
            388294,
            532244,
            426543,
            559434,
            453748,
            590558,
            490292,
            624934,
            524518,
            654890,
            560161,
            701994,
            593956,
            718671,
            623844,
            752684,
            660914,
        ],
        CacheWb: [
            142,
            1,
            1049,
            1,
            292,
            2,
            1291,
            2,
            211,
            3,
            1392,
            0,
            256,
            3,
            1662,
            0,
            318,
            1,
            1690,
            2,
            289,
            5,
            1946,
            2,
            341,
            0,
            2210,
            5,
            395,
            4,
            2197,
            2,
            359,
            6,
        ],
        TlbMiss: [
            589017,
            225295,
            714950,
            279197,
            739121,
            281365,
            867713,
            299373,
            889693,
            336868,
            1025324,
            344836,
            1027747,
            383677,
            1197888,
            430903,
            1171611,
            423667,
            1306980,
            431038,
            1311877,
            441542,
            1462021,
            575679,
            1463204,
            482037,
            1640441,
            578326,
            1607933,
            532850,
            1754862,
            608561,
            1750832,
            660818,
        ],
        DCacheBusy: [
            230525,
            6147,
            262475,
            7788,
            290190,
            8349,
            308648,
            10366,
            356650,
            10739,
            365312,
            72718,
            415459,
            8584,
            416987,
            8504,
            473985,
            9370,
            465807,
            9447,
            530015,
            10715,
            516205,
            9066,
            597512,
            12632,
            575589,
            19847,
            651752,
            20567,
            625340,
            13518,
            711937,
            14329,
        ],
        ICacheBusy: [
            13112393,
            9778498,
            14844414,
            11162813,
            16381934,
            12284990,
            18207104,
            13790930,
            19674363,
            14892698,
            21494622,
            16077230,
            22950597,
            17504318,
            24780114,
            19011163,
            26235862,
            20160623,
            28111868,
            21684365,
            29473920,
            22701248,
            31403097,
            24469791,
            32768096,
            25324530,
            34668694,
            27091119,
            36055476,
            28018569,
            37937208,
            29662108,
            39312851,
            30647790,
        ],
        DCacheMiss: [
            198753,
            144621,
            226068,
            179869,
            247558,
            190937,
            273890,
            237626,
            297598,
            270948,
            322712,
            308563,
            346163,
            348166,
            371014,
            380495,
            397120,
            424571,
            422458,
            452367,
            445231,
            492142,
            469285,
            529131,
            496127,
            571138,
            521771,
            607887,
            546908,
            647384,
            572274,
            689036,
            596587,
            731396,
        ],
        ICacheMiss: [
            54570,
            112,
            58950,
            117,
            70561,
            102,
            71743,
            107,
            77526,
            106,
            84660,
            124,
            93207,
            106,
            96789,
            139,
            105105,
            168,
            111581,
            96,
            126433,
            134,
            122468,
            122,
            136486,
            141,
            134505,
            138,
            154529,
            154,
            148168,
            122,
            151782,
            344,
        ],
        DTlbMiss: [
            128713,
            3602,
            132305,
            5723,
            163669,
            4200,
            158644,
            6561,
            195669,
            11604,
            185967,
            39952,
            228845,
            3066,
            211544,
            5421,
            260252,
            4309,
            237903,
            7325,
            292901,
            4033,
            263578,
            7530,
            327885,
            20456,
            293683,
            11721,
            358246,
            22263,
            320009,
            8328,
            392209,
            20058,
        ],
        ITlbMiss: [
            455614,
            220560,
            572994,
            275262,
            567522,
            279161,
            729476,
            309515,
            679400,
            279920,
            859221,
            340279,
            795560,
            382422,
            985550,
            396160,
            907463,
            436341,
            1108930,
            519701,
            1015891,
            485256,
            1201943,
            520852,
            1128514,
            469695,
            1300551,
            562667,
            1239497,
            523027,
            1501140,
            600308,
            1345914,
            558684,
        ],
        BBranchMiss: [
            65430,
            37162,
            78280,
            41042,
            88331,
            47275,
            95936,
            51894,
            118258,
            52747,
            108532,
            58526,
            130638,
            61230,
            125983,
            67723,
            134279,
            74249,
            146951,
            80647,
            133398,
            84591,
            159925,
            90985,
            184894,
            94278,
            159348,
            99810,
            154379,
            99523,
            184496,
            108984,
            206764,
            111860,
        ],
        JBranchMiss: [
            4819082,
            2493334,
            5268767,
            2754461,
            5999044,
            3127703,
            6425858,
            3406006,
            7173965,
            3733093,
            7594482,
            3960114,
            8368304,
            4372735,
            8754041,
            4620114,
            9518635,
            4968226,
            9912816,
            5267614,
            10726435,
            5611490,
            11095869,
            5891805,
            11951235,
            6248250,
            12196052,
            6449051,
            13153159,
            6878787,
            13422422,
            6980178,
            14416422,
            7435253,
        ],
        IntLoad: [
            9805044,
            8393458,
            11030624,
            9461512,
            12256204,
            10528647,
            13481784,
            11600242,
            14707364,
            12677144,
            15932944,
            13758258,
            17158524,
            14835858,
            18384104,
            15925641,
            19609684,
            17013722,
            20835264,
            18106705,
            22060844,
            19204759,
            23286424,
            20302494,
            24512004,
            21402963,
            25737584,
            22506654,
            26963164,
            23621826,
            28188744,
            24735803,
            29414324,
            25845839,
        ],
        IntStore: [
            9164569,
            7637914,
            10310124,
            8601249,
            11455679,
            9567113,
            12601234,
            10534820,
            13746789,
            11504744,
            14892344,
            12476034,
            16037899,
            13449742,
            17183454,
            14425666,
            18329009,
            15403868,
            19474564,
            16383286,
            20620119,
            17364353,
            21765674,
            18348440,
            22911229,
            19333921,
            24056784,
            20321799,
            25202339,
            21311576,
            26347894,
            22303017,
            27493449,
            23296701,
        ],
        IntAccess: [
            18969721,
            16053450,
            21340856,
            18090307,
            23711991,
            20131221,
            26083126,
            22178323,
            28454261,
            24232189,
            30825396,
            26289820,
            33196531,
            28357300,
            35567666,
            30422087,
            37938801,
            32504314,
            40309936,
            34589104,
            42681071,
            36676628,
            45052206,
            38773515,
            47423341,
            40876629,
            49794476,
            42985102,
            52165611,
            45098425,
            54536746,
            47221860,
            56907881,
            49348100,
        ],
        FloatLoad: [
            0,
            0,
            0,
            0,
            0,
            0,
            0,
            0,
            0,
            0,
            0,
            0,
            0,
            0,
            0,
            0,
            0,
            0,
            0,
            0,
            0,
            0,
            0,
            0,
            0,
            0,
            0,
            0,
            0,
            0,
            0,
            0,
            0,
            0,
        ],
    },
}